2 0.0421936 0.309823 0.084051 0.109777
9 0.130213 0.0153337 0.0146375 0.0300603
9 0.08277 0.0299896 0.0126508 0.0323329
2 0.114053 0.243785 0.152418 0.0958629
0 0.345633 0.249049 0.0279744 0.0714612
2 0.239501 0.249659 0.16489 0.0773586
3 0.411509 0.287796 0.0801998 0.0750719
0 0.423004 0.268921 0.0447202 0.0857527
2 0.570279 0.179521 0.025758 0.0266875
2 0.534615 0.176242 0.0539514 0.0321947
0 0.366447 0.249229 0.0267611 0.062871
9 0.184268 0.00843205 0.0169525 0.0167814
3 0.202924 0.301418 0.104462 0.105295
2 0.594885 0.183878 0.033988 0.0266744
3 0.332104 0.275047 0.0486177 0.0549184
9 0.0839229 0.0264929 0.0138921 0.0383854
7 0.11087 0.24243 0.146353 0.0955898
9 0.955611 0.1226 0.0133949 0.0393211
0 0.201132 0.288852 0.039368 0.0940684
3 0.324997 0.273351 0.0422589 0.0566048
2 0.623451 0.194546 0.0267469 0.0301309
3 0.185421 0.319925 0.0702975 0.0675953
0 0.415279 0.251918 0.0300015 0.0545346
9 0.961528 0.122229 0.0188295 0.0419644
0 0.416338 0.265175 0.0325478 0.0813628
0 0.344159 0.241209 0.0237751 0.0556456
